   4.1710921e-01
   4.1711061e-01
   4.1711202e-01
   4.1711344e-01
   4.1711495e-01
   4.1711639e-01
   4.1711785e-01
   4.1711932e-01
   4.1712080e-01
   4.1712236e-01
   4.1712387e-01
   4.1712538e-01
   4.1712691e-01
   4.1712852e-01
   4.1713007e-01
   4.1713164e-01
   4.1713329e-01
   4.1713488e-01
   4.1713648e-01
   4.1713809e-01
   4.1713980e-01
   4.1714144e-01
   4.1714309e-01
   4.1714475e-01
   4.1714651e-01
   4.1714820e-01
   4.1714991e-01
   4.1715171e-01
   4.1715344e-01
   4.1715518e-01
   4.1715694e-01
   4.1715880e-01
   4.1716058e-01
   4.1716238e-01
   4.1716428e-01
   4.1716611e-01
   4.1716795e-01
   4.1716981e-01
   4.1717177e-01
   4.1717366e-01
   4.1717556e-01
   4.1717756e-01
   4.1717949e-01
   4.1718144e-01
   4.1718340e-01
   4.1718547e-01
   4.1718746e-01
   4.1718946e-01
   4.1719158e-01
   4.1719361e-01
   4.1719567e-01
   4.1719773e-01
   4.1719991e-01
   4.1720201e-01
   4.1720413e-01
   4.1720636e-01
   4.1720851e-01
   4.1721067e-01
   4.1721285e-01
   4.1721515e-01
   4.1721736e-01
   4.1721959e-01
   4.1722183e-01
   4.1722420e-01
   4.1722648e-01
   4.1722878e-01
   4.1723109e-01
   4.1723353e-01
   4.1723588e-01
   4.1723824e-01
   4.1724062e-01
   4.1724313e-01
   4.1724555e-01
   4.1724798e-01
   4.1725043e-01
   4.1725290e-01
   4.1725550e-01
   4.1725801e-01
   4.1726053e-01
   4.1726307e-01
   4.1726563e-01
   4.1726832e-01
   4.1727092e-01
   4.1727353e-01
   4.1727616e-01
   4.1727881e-01
   4.1728147e-01
   4.1728415e-01
   4.1728699e-01
   4.1728971e-01
   4.1729245e-01
   4.1729520e-01
   4.1729798e-01
   4.1730077e-01
   4.1730359e-01
   4.1730642e-01
   4.1730927e-01
   4.1731214e-01
   4.1731503e-01
   4.1731793e-01
   4.1732086e-01
   4.1732380e-01
   4.1732676e-01
   4.1732974e-01
   4.1733274e-01
   4.1733576e-01
   4.1733880e-01
   4.1734185e-01
   4.1734492e-01
   4.1734802e-01
   4.1735113e-01
   4.1735426e-01
   4.1735741e-01
   4.1736042e-01
   4.1736361e-01
   4.1736681e-01
   4.1737004e-01
   4.1737328e-01
   4.1737638e-01
   4.1737966e-01
   4.1738295e-01
   4.1738627e-01
   4.1738944e-01
   4.1739279e-01
   4.1739616e-01
   4.1739938e-01
   4.1740278e-01
   4.1740604e-01
   4.1740948e-01
   4.1741293e-01
   4.1741624e-01
   4.1741973e-01
   4.1742307e-01
   4.1742660e-01
   4.1742997e-01
   4.1743336e-01
   4.1743693e-01
   4.1744035e-01
   4.1744396e-01
   4.1744741e-01
   4.1745088e-01
   4.1745436e-01
   4.1745803e-01
   4.1746155e-01
   4.1746507e-01
   4.1746862e-01
   4.1747217e-01
   4.1747574e-01
   4.1747933e-01
   4.1748292e-01
   4.1748654e-01
   4.1749016e-01
   4.1749380e-01
   4.1749745e-01
   4.1750094e-01
   4.1750462e-01
   4.1750831e-01
   4.1751183e-01
   4.1751554e-01
   4.1751927e-01
   4.1752282e-01
   4.1752658e-01
   4.1753015e-01
   4.1753374e-01
   4.1753753e-01
   4.1754113e-01
   4.1754475e-01
   4.1754838e-01
   4.1755202e-01
   4.1755566e-01
   4.1755932e-01
   4.1756299e-01
   4.1756666e-01
   4.1757035e-01
   4.1757385e-01
   4.1757755e-01
   4.1758107e-01
   4.1758479e-01
   4.1758832e-01
   4.1759186e-01
   4.1759560e-01
   4.1759915e-01
   4.1760271e-01
   4.1760628e-01
   4.1760965e-01
   4.1761323e-01
   4.1761682e-01
   4.1762021e-01
   4.1762381e-01
   4.1762722e-01
   4.1763063e-01
   4.1763404e-01
   4.1763746e-01
   4.1764089e-01
   4.1764432e-01
   4.1764755e-01
   4.1765100e-01
   4.1765424e-01
   4.1765749e-01
   4.1766074e-01
   4.1766399e-01
   4.1766725e-01
   4.1767031e-01
   4.1767358e-01
   4.1767665e-01
   4.1767972e-01
   4.1768279e-01
   4.1768566e-01
   4.1768874e-01
   4.1769162e-01
   4.1769450e-01
   4.1769738e-01
   4.1770006e-01
   4.1770295e-01
   4.1770564e-01
   4.1770812e-01
   4.1771081e-01
   4.1771329e-01
   4.1771599e-01
   4.1771827e-01
   4.1772076e-01
   4.1772304e-01
   4.1772533e-01
   4.1772762e-01
   4.1772970e-01
   4.1773178e-01
   4.1773387e-01
   4.1773595e-01
   4.1773783e-01
   4.1773950e-01
   4.1774138e-01
   4.1774305e-01
   4.1774452e-01
   4.1774619e-01
   4.1774765e-01
   4.1774891e-01
   4.1775017e-01
   4.1775143e-01
   4.1775247e-01
   4.1775352e-01
   4.1775457e-01
   4.1775541e-01
   4.1775604e-01
   4.1775688e-01
   4.1775730e-01
   4.1775793e-01
   4.1775835e-01
   4.1775856e-01
   4.1775877e-01
   4.1775898e-01
   4.1775898e-01
   4.1775877e-01
   4.1775877e-01
   4.1775835e-01
   4.1775814e-01
   4.1775772e-01
   4.1775709e-01
   4.1775646e-01
   4.1775583e-01
   4.1775499e-01
   4.1775394e-01
   4.1775310e-01
   4.1775205e-01
   4.1775080e-01
   4.1774954e-01
   4.1774828e-01
   4.1774682e-01
   4.1774535e-01
   4.1774389e-01
   4.1774222e-01
   4.1774054e-01
   4.1773866e-01
   4.1773679e-01
   4.1773491e-01
   4.1773282e-01
   4.1773074e-01
   4.1772866e-01
   4.1772658e-01
   4.1772429e-01
   4.1772200e-01
   4.1771951e-01
   4.1771723e-01
   4.1771474e-01
   4.1771205e-01
   4.1770956e-01
   4.1770688e-01
   4.1770419e-01
   4.1770151e-01
   4.1769862e-01
   4.1769594e-01
   4.1769306e-01
   4.1769018e-01
   4.1768710e-01
   4.1768422e-01
   4.1768115e-01
   4.1767808e-01
   4.1767501e-01
   4.1767194e-01
   4.1766868e-01
   4.1766562e-01
   4.1766236e-01
   4.1765911e-01
   4.1765586e-01
   4.1765262e-01
   4.1764938e-01
   4.1764594e-01
   4.1764250e-01
   4.1763928e-01
   4.1763585e-01
   4.1763244e-01
   4.1762902e-01
   4.1762541e-01
   4.1762201e-01
   4.1761862e-01
   4.1761503e-01
   4.1761144e-01
   4.1760787e-01
   4.1760449e-01
   4.1760093e-01
   4.1759737e-01
   4.1759363e-01
   4.1759009e-01
   4.1758655e-01
   4.1758302e-01
   4.1757931e-01
   4.1757560e-01
   4.1757210e-01
   4.1756841e-01
   4.1756473e-01
   4.1756125e-01
   4.1755759e-01
   4.1755394e-01
   4.1755029e-01
   4.1754666e-01
   4.1754285e-01
   4.1753923e-01
   4.1753563e-01
   4.1753204e-01
   4.1752827e-01
   4.1752470e-01
   4.1752095e-01
   4.1751740e-01
   4.1751368e-01
   4.1751016e-01
   4.1750646e-01
   4.1750277e-01
   4.1749910e-01
   4.1749563e-01
   4.1749198e-01
   4.1748835e-01
   4.1748473e-01
   4.1748112e-01
   4.1747753e-01
   4.1747395e-01
   4.1747039e-01
   4.1746684e-01
   4.1746331e-01
   4.1745979e-01
   4.1745611e-01
   4.1745262e-01
   4.1744915e-01
   4.1744569e-01
   4.1744207e-01
   4.1743864e-01
   4.1743523e-01
   4.1743166e-01
   4.1742828e-01
   4.1742475e-01
   4.1742140e-01
   4.1741790e-01
   4.1741459e-01
   4.1741112e-01
   4.1740784e-01
   4.1740441e-01
   4.1740100e-01
   4.1739777e-01
   4.1739439e-01
   4.1739119e-01
   4.1738785e-01
   4.1738453e-01
   4.1738122e-01
   4.1737809e-01
   4.1737483e-01
   4.1737158e-01
   4.1736834e-01
   4.1736528e-01
   4.1736209e-01
   4.1735891e-01
   4.1735576e-01
   4.1735262e-01
   4.1734950e-01
   4.1734639e-01
   4.1734331e-01
   4.1734039e-01
   4.1733735e-01
   4.1733432e-01
   4.1733131e-01
   4.1732832e-01
   4.1732535e-01
   4.1732239e-01
   4.1731946e-01
   4.1731655e-01
   4.1731365e-01
   4.1731077e-01
   4.1730791e-01
   4.1730507e-01
   4.1730211e-01
   4.1729931e-01
   4.1729652e-01
   4.1729376e-01
   4.1729101e-01
   4.1728828e-01
   4.1728557e-01
   4.1728287e-01
   4.1728020e-01
   4.1727742e-01
   4.1727478e-01
   4.1727216e-01
   4.1726956e-01
   4.1726697e-01
   4.1726441e-01
   4.1726174e-01
   4.1725921e-01
   4.1725669e-01
   4.1725420e-01
   4.1725172e-01
   4.1724926e-01
   4.1724671e-01
   4.1724428e-01
   4.1724188e-01
   4.1723949e-01
   4.1723700e-01
   4.1723465e-01
   4.1723231e-01
   4.1722999e-01
   4.1722757e-01
   4.1722529e-01
   4.1722302e-01
   4.1722076e-01
   4.1721842e-01
   4.1721620e-01
   4.1721400e-01
   4.1721181e-01
   4.1720954e-01
   4.1720738e-01
   4.1720524e-01
   4.1720312e-01
   4.1720091e-01
   4.1719882e-01
   4.1719675e-01
   4.1719459e-01
   4.1719255e-01
   4.1719052e-01
   4.1718850e-01
   4.1718641e-01
   4.1718443e-01
   4.1718246e-01
   4.1718042e-01
   4.1717848e-01
   4.1717656e-01
   4.1717465e-01
   4.1717267e-01
   4.1717079e-01
   4.1716893e-01
   4.1716699e-01
   4.1716515e-01
   4.1716333e-01
   4.1716152e-01
   4.1715965e-01
   4.1715787e-01
   4.1715610e-01
   4.1715427e-01
   4.1715253e-01
   4.1715080e-01
   4.1714909e-01
   4.1714731e-01
   4.1714563e-01
   4.1714396e-01
   4.1714222e-01
   4.1714058e-01
   4.1713894e-01
   4.1713732e-01
   4.1713564e-01
   4.1713404e-01
   4.1713246e-01
   4.1713089e-01
   4.1712926e-01
   4.1712771e-01
   4.1712618e-01
   4.1712466e-01
   4.1712308e-01
   4.1712158e-01
   4.1712009e-01
   4.1711862e-01
   4.1711709e-01
   4.1711563e-01
   4.1711419e-01
   4.1711277e-01
   4.1711128e-01
   4.1710987e-01
   4.1710848e-01
   4.1710709e-01
   4.1710572e-01
   4.1710429e-01
   4.1710294e-01
   4.1710160e-01
   4.1710026e-01
   4.1709894e-01
   4.1709757e-01
   4.1709627e-01
   4.1709498e-01
   4.1709370e-01
   4.1709243e-01
   4.1709116e-01
   4.1708985e-01
   4.1708861e-01
   4.1708738e-01
   4.1708616e-01
   4.1708494e-01
   4.1708374e-01
   4.1708255e-01
   4.1708130e-01
   4.1708013e-01
   4.1707896e-01
   4.1707780e-01
   4.1707665e-01
   4.1707551e-01
   4.1707438e-01
   4.1707326e-01
   4.1707215e-01
   4.1707104e-01
   4.1706989e-01
   4.1706880e-01
   4.1706772e-01
   4.1706665e-01
   4.1706558e-01
   4.1706453e-01
   4.1706348e-01
   4.1706244e-01
   4.1706140e-01
   4.1706038e-01
   4.1705936e-01
   4.1705835e-01
   4.1705735e-01
   4.1705636e-01
   4.1705537e-01
   4.1705439e-01
   4.1705342e-01
   4.1705245e-01
   4.1705154e-01
   4.1705059e-01
   4.1704964e-01
   4.1704870e-01
   4.1704777e-01
   4.1704685e-01
   4.1704593e-01
   4.1704502e-01
   4.1704412e-01
   4.1704322e-01
   4.1704237e-01
   4.1704149e-01
   4.1704061e-01
   4.1703974e-01
   4.1703888e-01
   4.1703802e-01
   4.1703721e-01
   4.1703636e-01
   4.1703552e-01
   4.1703468e-01
   4.1703389e-01
   4.1703307e-01
   4.1703225e-01
   4.1703144e-01
   4.1703067e-01
   4.1702987e-01
   4.1702908e-01
   4.1702829e-01
   4.1702754e-01
   4.1702677e-01
   4.1702599e-01
   4.1702526e-01
   4.1702450e-01
   4.1702374e-01
   4.1702303e-01
   4.1702228e-01
   4.1702157e-01
   4.1702084e-01
   4.1702010e-01
   4.1701941e-01
   4.1701869e-01
   4.1701801e-01
   4.1701729e-01
   4.1701662e-01
   4.1701592e-01
   4.1701525e-01
   4.1701456e-01
   4.1701390e-01
   4.1701321e-01
   4.1701257e-01
   4.1701189e-01
   4.1701125e-01
