   4.2697301e-02
   4.2699902e-02
   4.2702497e-02
   4.2705086e-02
   4.2707791e-02
   4.2710366e-02
   4.2712935e-02
   4.2715497e-02
   4.2718053e-02
   4.2720723e-02
   4.2723264e-02
   4.2725799e-02
   4.2728327e-02
   4.2730968e-02
   4.2733481e-02
   4.2735988e-02
   4.2738606e-02
   4.2741098e-02
   4.2743583e-02
   4.2746060e-02
   4.2748647e-02
   4.2751109e-02
   4.2753563e-02
   4.2756010e-02
   4.2758566e-02
   4.2760997e-02
   4.2763420e-02
   4.2765950e-02
   4.2768358e-02
   4.2770757e-02
   4.2773148e-02
   4.2775645e-02
   4.2778020e-02
   4.2780386e-02
   4.2782856e-02
   4.2785206e-02
   4.2787547e-02
   4.2789879e-02
   4.2792314e-02
   4.2794629e-02
   4.2796935e-02
   4.2799342e-02
   4.2801631e-02
   4.2803911e-02
   4.2806181e-02
   4.2808551e-02
   4.2810803e-02
   4.2813047e-02
   4.2815387e-02
   4.2817611e-02
   4.2819827e-02
   4.2822033e-02
   4.2824334e-02
   4.2826521e-02
   4.2828698e-02
   4.2830969e-02
   4.2833126e-02
   4.2835274e-02
   4.2837413e-02
   4.2839642e-02
   4.2841760e-02
   4.2843869e-02
   4.2845967e-02
   4.2848155e-02
   4.2850233e-02
   4.2852301e-02
   4.2854358e-02
   4.2856503e-02
   4.2858540e-02
   4.2860566e-02
   4.2862583e-02
   4.2864684e-02
   4.2866679e-02
   4.2868663e-02
   4.2870637e-02
   4.2872600e-02
   4.2874646e-02
   4.2876588e-02
   4.2878519e-02
   4.2880439e-02
   4.2882349e-02
   4.2884337e-02
   4.2886225e-02
   4.2888102e-02
   4.2889967e-02
   4.2891822e-02
   4.2893666e-02
   4.2895499e-02
   4.2897408e-02
   4.2899218e-02
   4.2901018e-02
   4.2902806e-02
   4.2904583e-02
   4.2906350e-02
   4.2908105e-02
   4.2909849e-02
   4.2911582e-02
   4.2913304e-02
   4.2915015e-02
   4.2916715e-02
   4.2918403e-02
   4.2920081e-02
   4.2921747e-02
   4.2923402e-02
   4.2925046e-02
   4.2926679e-02
   4.2928301e-02
   4.2929912e-02
   4.2931512e-02
   4.2933101e-02
   4.2934679e-02
   4.2936246e-02
   4.2937802e-02
   4.2939273e-02
   4.2940808e-02
   4.2942332e-02
   4.2943844e-02
   4.2945347e-02
   4.2946767e-02
   4.2948249e-02
   4.2949719e-02
   4.2951179e-02
   4.2952560e-02
   4.2954000e-02
   4.2955429e-02
   4.2956780e-02
   4.2958189e-02
   4.2959522e-02
   4.2960911e-02
   4.2962290e-02
   4.2963595e-02
   4.2964955e-02
   4.2966241e-02
   4.2967581e-02
   4.2968849e-02
   4.2970109e-02
   4.2971422e-02
   4.2972664e-02
   4.2973959e-02
   4.2975184e-02
   4.2976401e-02
   4.2977610e-02
   4.2978870e-02
   4.2980063e-02
   4.2981248e-02
   4.2982425e-02
   4.2983595e-02
   4.2984757e-02
   4.2985912e-02
   4.2987060e-02
   4.2988201e-02
   4.2989335e-02
   4.2990462e-02
   4.2991583e-02
   4.2992641e-02
   4.2993750e-02
   4.2994851e-02
   4.2995892e-02
   4.2996982e-02
   4.2998067e-02
   4.2999091e-02
   4.3000165e-02
   4.3001179e-02
   4.3002189e-02
   4.3003247e-02
   4.3004248e-02
   4.3005244e-02
   4.3006235e-02
   4.3007223e-02
   4.3008207e-02
   4.3009187e-02
   4.3010163e-02
   4.3011136e-02
   4.3012105e-02
   4.3013020e-02
   4.3013983e-02
   4.3014892e-02
   4.3015849e-02
   4.3016752e-02
   4.3017654e-02
   4.3018603e-02
   4.3019500e-02
   4.3020394e-02
   4.3021287e-02
   4.3022128e-02
   4.3023017e-02
   4.3023904e-02
   4.3024741e-02
   4.3025625e-02
   4.3026458e-02
   4.3027291e-02
   4.3028122e-02
   4.3028952e-02
   4.3029782e-02
   4.3030610e-02
   4.3031389e-02
   4.3032215e-02
   4.3032993e-02
   4.3033770e-02
   4.3034546e-02
   4.3035322e-02
   4.3036097e-02
   4.3036824e-02
   4.3037598e-02
   4.3038324e-02
   4.3039050e-02
   4.3039775e-02
   4.3040452e-02
   4.3041178e-02
   4.3041854e-02
   4.3042531e-02
   4.3043208e-02
   4.3043836e-02
   4.3044513e-02
   4.3045141e-02
   4.3045721e-02
   4.3046349e-02
   4.3046929e-02
   4.3047558e-02
   4.3048089e-02
   4.3048670e-02
   4.3049202e-02
   4.3049734e-02
   4.3050266e-02
   4.3050749e-02
   4.3051233e-02
   4.3051717e-02
   4.3052201e-02
   4.3052637e-02
   4.3053024e-02
   4.3053460e-02
   4.3053847e-02
   4.3054187e-02
   4.3054574e-02
   4.3054913e-02
   4.3055204e-02
   4.3055495e-02
   4.3055786e-02
   4.3056028e-02
   4.3056271e-02
   4.3056513e-02
   4.3056707e-02
   4.3056852e-02
   4.3057046e-02
   4.3057143e-02
   4.3057289e-02
   4.3057386e-02
   4.3057435e-02
   4.3057483e-02
   4.3057532e-02
   4.3057532e-02
   4.3057483e-02
   4.3057483e-02
   4.3057386e-02
   4.3057337e-02
   4.3057240e-02
   4.3057095e-02
   4.3056949e-02
   4.3056804e-02
   4.3056610e-02
   4.3056367e-02
   4.3056174e-02
   4.3055931e-02
   4.3055640e-02
   4.3055349e-02
   4.3055059e-02
   4.3054719e-02
   4.3054380e-02
   4.3054041e-02
   4.3053654e-02
   4.3053266e-02
   4.3052831e-02
   4.3052395e-02
   4.3051959e-02
   4.3051475e-02
   4.3050991e-02
   4.3050508e-02
   4.3050024e-02
   4.3049492e-02
   4.3048960e-02
   4.3048380e-02
   4.3047848e-02
   4.3047268e-02
   4.3046639e-02
   4.3046059e-02
   4.3045431e-02
   4.3044803e-02
   4.3044174e-02
   4.3043498e-02
   4.3042869e-02
   4.3042193e-02
   4.3041516e-02
   4.3040791e-02
   4.3040114e-02
   4.3039389e-02
   4.3038663e-02
   4.3037937e-02
   4.3037211e-02
   4.3036436e-02
   4.3035709e-02
   4.3034934e-02
   4.3034158e-02
   4.3033381e-02
   4.3032604e-02
   4.3031826e-02
   4.3030999e-02
   4.3030171e-02
   4.3029391e-02
   4.3028562e-02
   4.3027731e-02
   4.3026899e-02
   4.3026017e-02
   4.3025183e-02
   4.3024347e-02
   4.3023461e-02
   4.3022573e-02
   4.3021683e-02
   4.3020841e-02
   4.3019947e-02
   4.3019052e-02
   4.3018104e-02
   4.3017204e-02
   4.3016301e-02
   4.3015396e-02
   4.3014438e-02
   4.3013476e-02
   4.3012563e-02
   4.3011595e-02
   4.3010624e-02
   4.3009701e-02
   4.3008723e-02
   4.3007741e-02
   4.3006756e-02
   4.3005766e-02
   4.3004720e-02
   4.3003721e-02
   4.3002719e-02
   4.3001711e-02
   4.3000646e-02
   4.2999629e-02
   4.2998553e-02
   4.2997525e-02
   4.2996438e-02
   4.2995400e-02
   4.2994301e-02
   4.2993196e-02
   4.2992085e-02
   4.2991023e-02
   4.2989899e-02
   4.2988769e-02
   4.2987631e-02
   4.2986487e-02
   4.2985336e-02
   4.2984177e-02
   4.2983011e-02
   4.2981837e-02
   4.2980656e-02
   4.2979468e-02
   4.2978211e-02
   4.2977006e-02
   4.2975793e-02
   4.2974573e-02
   4.2973282e-02
   4.2972044e-02
   4.2970798e-02
   4.2969480e-02
   4.2968216e-02
   4.2966880e-02
   4.2965599e-02
   4.2964243e-02
   4.2962944e-02
   4.2961569e-02
   4.2960251e-02
   4.2958857e-02
   4.2957453e-02
   4.2956106e-02
   4.2954681e-02
   4.2953315e-02
   4.2951871e-02
   4.2950416e-02
   4.2948950e-02
   4.2947545e-02
   4.2946058e-02
   4.2944561e-02
   4.2943053e-02
   4.2941607e-02
   4.2940078e-02
   4.2938539e-02
   4.2936988e-02
   4.2935426e-02
   4.2933854e-02
   4.2932270e-02
   4.2930676e-02
   4.2929147e-02
   4.2927530e-02
   4.2925903e-02
   4.2924265e-02
   4.2922615e-02
   4.2920955e-02
   4.2919283e-02
   4.2917601e-02
   4.2915907e-02
   4.2914202e-02
   4.2912486e-02
   4.2910758e-02
   4.2909020e-02
   4.2907187e-02
   4.2905426e-02
   4.2903654e-02
   4.2901871e-02
   4.2900076e-02
   4.2898271e-02
   4.2896455e-02
   4.2894628e-02
   4.2892789e-02
   4.2890852e-02
   4.2888991e-02
   4.2887120e-02
   4.2885238e-02
   4.2883344e-02
   4.2881441e-02
   4.2879434e-02
   4.2877509e-02
   4.2875572e-02
   4.2873625e-02
   4.2871667e-02
   4.2869698e-02
   4.2867625e-02
   4.2865635e-02
   4.2863635e-02
   4.2861624e-02
   4.2859506e-02
   4.2857474e-02
   4.2855432e-02
   4.2853380e-02
   4.2851219e-02
   4.2849146e-02
   4.2847062e-02
   4.2844969e-02
   4.2842766e-02
   4.2840652e-02
   4.2838529e-02
   4.2836395e-02
   4.2834150e-02
   4.2831997e-02
   4.2829835e-02
   4.2827662e-02
   4.2825376e-02
   4.2823185e-02
   4.2820983e-02
   4.2818668e-02
   4.2816447e-02
   4.2814218e-02
   4.2811979e-02
   4.2809624e-02
   4.2807367e-02
   4.2805101e-02
   4.2802718e-02
   4.2800433e-02
   4.2798140e-02
   4.2795838e-02
   4.2793417e-02
   4.2791098e-02
   4.2788770e-02
   4.2786322e-02
   4.2783976e-02
   4.2781622e-02
   4.2779260e-02
   4.2776777e-02
   4.2774398e-02
   4.2772011e-02
   4.2769501e-02
   4.2767098e-02
   4.2764686e-02
   4.2762267e-02
   4.2759724e-02
   4.2757289e-02
   4.2754846e-02
   4.2752279e-02
   4.2749820e-02
   4.2747354e-02
   4.2744881e-02
   4.2742282e-02
   4.2739794e-02
   4.2737298e-02
   4.2734795e-02
   4.2732166e-02
   4.2729648e-02
   4.2727124e-02
   4.2724593e-02
   4.2721934e-02
   4.2719388e-02
   4.2716836e-02
   4.2714278e-02
   4.2711590e-02
   4.2709018e-02
   4.2706439e-02
   4.2703854e-02
   4.2701139e-02
   4.2698541e-02
   4.2695936e-02
   4.2693326e-02
   4.2690709e-02
   4.2687961e-02
   4.2685331e-02
   4.2682696e-02
   4.2680055e-02
   4.2677408e-02
   4.2674629e-02
   4.2671970e-02
   4.2669305e-02
   4.2666635e-02
   4.2663959e-02
   4.2661278e-02
   4.2658463e-02
   4.2655770e-02
   4.2653072e-02
   4.2650369e-02
   4.2647661e-02
   4.2644947e-02
   4.2642228e-02
   4.2639374e-02
   4.2636645e-02
   4.2633911e-02
   4.2631172e-02
   4.2628428e-02
   4.2625679e-02
   4.2622925e-02
   4.2620167e-02
   4.2617404e-02
   4.2614636e-02
   4.2611731e-02
   4.2608954e-02
   4.2606173e-02
   4.2603387e-02
   4.2600597e-02
   4.2597802e-02
   4.2595003e-02
   4.2592200e-02
   4.2589392e-02
   4.2586581e-02
   4.2583765e-02
   4.2580945e-02
   4.2578121e-02
   4.2575294e-02
   4.2572462e-02
   4.2569627e-02
   4.2566787e-02
   4.2563944e-02
   4.2561233e-02
   4.2558382e-02
   4.2555528e-02
   4.2552671e-02
   4.2549810e-02
   4.2546945e-02
   4.2544077e-02
   4.2541205e-02
   4.2538330e-02
   4.2535452e-02
   4.2532707e-02
   4.2529822e-02
   4.2526934e-02
   4.2524043e-02
   4.2521149e-02
   4.2518251e-02
   4.2515489e-02
   4.2512585e-02
   4.2509679e-02
   4.2506769e-02
   4.2503996e-02
   4.2501081e-02
   4.2498163e-02
   4.2495242e-02
   4.2492458e-02
   4.2489531e-02
   4.2486603e-02
   4.2483671e-02
   4.2480877e-02
   4.2477940e-02
   4.2475001e-02
   4.2472200e-02
   4.2469256e-02
   4.2466309e-02
   4.2463501e-02
   4.2460550e-02
   4.2457737e-02
   4.2454781e-02
   4.2451823e-02
   4.2449004e-02
   4.2446042e-02
   4.2443218e-02
   4.2440252e-02
   4.2437424e-02
   4.2434454e-02
   4.2431623e-02
   4.2428648e-02
   4.2425813e-02
   4.2422834e-02
   4.2419996e-02
   4.2417014e-02
   4.2414172e-02
